5
1 0 0 0 255
2 255 255 255 255
3 153 51 0 255
4 255 249 229 255
5 200 200 200 255
17 16
1 1 1 1 3 3 3 3 1 1 1 1 1 1 1 1
1 3 1 3 3 3 3 3 3 1 3 1 1 1 1 1
3 3 3 3 3 3 3 3 3 3 3 3 1 1 1 1
3 3 3 4 4 4 4 4 4 3 3 3 1 1 1 1
3 3 3 4 5 4 4 5 4 3 3 3 1 1 1 1
3 3 3 4 5 4 4 5 4 3 3 3 1 1 1 1
1 3 1 4 4 4 4 4 4 1 3 1 1 5 5 5
1 1 1 1 4 4 4 4 1 1 1 1 4 5 1 1
1 1 1 2 2 2 2 2 2 1 1 2 4 4 1 1
1 2 2 2 2 2 2 2 2 2 2 2 2 1 1 1
1 2 2 2 2 2 2 2 2 2 2 1 1 1 1 1
4 4 2 5 5 5 5 5 5 1 1 1 1 1 1 1
4 4 1 2 2 2 2 2 2 1 1 1 1 1 1 1
1 1 1 2 2 2 2 2 2 1 1 1 1 1 1 1
1 1 2 2 2 2 2 2 2 1 1 1 1 1 1 1
1 2 2 2 2 2 2 2 2 1 1 1 1 1 1 1
1 2 2 2 2 2 2 2 2 1 1 1 1 1 1 1