4
1 100 100 100 255
2 255 255 0 255
3 255 0 0 255
4 0 0 0 255
11 20
4 4 4 4 4 4 4 1 1 1 1 1 1 4 4 4 4 4 4 4
4 4 4 4 4 4 1 3 3 3 3 3 3 1 4 4 4 4 4 4
4 4 4 4 4 1 3 3 3 3 3 3 3 3 1 4 4 4 4 4
4 4 4 4 4 1 3 3 3 3 3 3 3 3 1 4 4 4 4 4
4 4 4 1 1 1 1 1 1 1 1 1 1 1 1 1 1 4 4 4
4 4 1 1 1 1 1 1 1 1 1 1 1 1 1 1 1 1 4 4
4 1 1 1 1 2 1 1 2 1 1 2 1 1 2 1 1 1 1 4
1 1 1 1 1 1 1 1 1 1 1 1 1 1 1 1 1 1 1 1
1 1 1 1 1 1 1 1 1 1 1 1 1 1 1 1 1 1 1 1
4 1 1 1 1 4 1 1 1 1 1 1 1 1 4 1 1 1 1 4
4 4 1 1 4 4 4 1 1 1 1 1 1 4 4 4 1 1 4 4 