5
1 255 255 255 
2 247 220 111
3 153 51 0
4 245 203 167
5 23 32 42
17 16
1 1 1 1 3 3 3 3 1 1 1 1 1 1 1 1
1 3 1 3 3 3 3 3 3 1 3 1 1 1 1 1
3 3 3 3 3 3 3 3 3 3 3 3 1 1 1 1
3 3 3 4 4 4 4 4 4 3 3 3 1 1 1 1
3 3 3 4 5 4 4 5 4 3 3 3 1 1 1 1
3 3 3 4 5 4 4 5 4 3 3 3 1 1 1 1
1 3 1 4 4 4 4 4 4 1 3 1 1 5 5 5
1 1 1 1 4 4 4 4 1 1 1 1 4 5 1 1
1 1 1 2 2 2 2 2 2 1 1 2 4 4 1 1
1 2 2 2 2 2 2 2 2 2 2 2 2 1 1 1
1 2 2 2 2 2 2 2 2 2 2 1 1 1 1 1
4 4 2 5 5 5 5 5 5 1 1 1 1 1 1 1
4 4 1 2 2 2 2 2 2 1 1 1 1 1 1 1
1 1 1 2 2 2 2 2 2 1 1 1 1 1 1 1
1 1 2 2 2 2 2 2 2 1 1 1 1 1 1 1
1 2 2 2 2 2 2 2 2 1 1 1 1 1 1 1
1 2 2 2 2 2 2 2 2 1 1 1 1 1 1 1